0 -2.50354 1.68865 0.187755
1 -1.29298 0.187394 -4.42059
2 -6.0496 1.51165 1.33044
3 -7.55228 1.03617 -2.61509
4 -4.42183 -1.71434 -4.43027
5 -11.098 0.374018 -3.57719
6 -10.1925 -1.41799 -7.29011
7 -6.70499 -4.01056 -7.25058
8 -13.3057 -2.6743 -8.86367
9 -11.4522 -5.41607 -11.0811
10 -7.47327 -7.46178 -9.14384
11 -13.2816 -7.31413 -13.7556
12 -9.98801 -9.55775 -14.6613
13 -7.93751 -11.0157 -10.4439
14 -9.0871 -12.0791 -17.3909
15 -6.43172 -14.0622 -14.8679
16 -8.47445 -14.3569 -10.7225
17 -4.99106 -17.2746 -16.2697
18 -3.9432 -19.1986 -12.5274
19 -7.4809 -18.5739 -9.22203
20 -2.0981 -22.5105 -12.4543
21 -3.00626 -23.1648 -8.54599
22 -7.15939 -22 -8.18406
23 -1.73548 -26.2008 -6.87466
24 -4.77026 -25.8184 -4.03761
25 -8.54303 -25.3726 -6.35831
26 -4.99465 -28.1862 -1.07857
27 -8.8252 -27.0632 0.0735623
28 -11.0356 -27.1453 -3.67165
29 -10.3327 -28.9349 2.88028
30 -14.0941 -29.5486 1.27286
31 -14.1146 -29.792 -3.67617
32 -16.5796 -31.4977 3.21724
33 -18.8932 -32.4398 -0.207841
34 -16.2788 -32.821 -3.89024
35 -22.1324 -34.25 0.0693873
36 -22.4009 -35.1988 -4.12683
37 -18.5721 -36.0851 -6.07426
38 -25.4924 -37.2594 -4.50753
39 -24.2736 -38.9661 -7.89532
40 -20.0636 -39.7864 -6.665
41 -26.431 -41.3512 -9.77174
42 -23.5244 -43.2252 -12.2637
43 -19.3684 -43.1986 -9.12283
44 -23.5888 -45.676 -15.007
45 -19.5058 -46.3698 -14.8328
46 -19.1415 -46.6294 -10.5169
47 -17.7416 -48.9651 -17.0691
48 -14.3876 -49.3541 -14.7961
49 -16.2046 -49.4935 -10.3287
50 -11.2777 -51.513 -15.1573
51 -10.3672 -52.0585 -11.3601
52 -14.4144 -53.0684 -8.61556
53 -7.3294 -53.897 -10.2727
54 -8.64837 -55.0894 -6.52415
55 -13.2813 -56.3687 -6.85033
56 -6.64017 -56.6542 -3.74191
57 -9.8671 -58.4509 -1.68495
58 -12.4791 -59.427 -5.10515
59 -9.73764 -60.5112 1.34722
60 -13.4803 -62.1718 0.856135
61 -14.2305 -63.0564 -3.92913
62 -14.2079 -65.0923 3.08371
63 -16.1878 -67.4108 0.0443535
64 -14.3988 -66.8186 -3.86655
65 -16.8469 -70.9141 1.0954
66 -17.5312 -72.0253 -2.79715
67 -13.6859 -70.6222 -4.2366
68 -18.2562 -75.7709 -3.16173
69 -16.209 -75.7178 -6.75779
70 -12.0351 -72.9902 -7.1894
71 -16.402 -79.1087 -8.22699
72 -12.9672 -78.7417 -10.6841
73 -10.2289 -76.203 -8.39544
74 -11.1522 -81.0982 -13.0089
75 -7.42437 -78.6172 -13.0082
76 -6.57211 -77.1934 -9.00148
77 -4.8326 -79.5947 -15.5611
78 -1.99964 -77.3812 -13.8014
79 -2.26529 -77.6345 -8.93049
80 1.30612 -76.1908 -15.2561
81 2.3293 -75.0904 -11.2525
82 1.23799 -78.0442 -7.47403
83 5.49025 -73.1892 -10.9491
84 5.93975 -74.6299 -6.94462
85 4.05494 -78.84 -5.55445
86 8.74756 -73.5066 -5.02644
87 7.90312 -75.965 -1.74552
88 6.41957 -80.4631 -2.9759
89 10.369 -75.6024 0.980515
90 9.3517 -79.4206 2.3072
91 8.6888 -83.2324 -0.895122
92 11.1057 -80.3799 5.20408
93 10.8698 -84.3523 4.91583
94 12.0357 -84.3127 0.6066
95 11.8801 -86.9673 7.51727
96 12.9592 -89.5818 4.47617
97 14.5535 -88.0534 -0.208347
98 14.9637 -92.7266 5.31638
99 16.4721 -93.9554 1.65893
100 17.6465 -90.1761 -0.351822
101 18.9024 -96.9115 1.99097
102 21.4098 -95.6165 -1.47581
103 21.677 -90.8409 -1.63446
104 24.0874 -97.4987 -3.14556
105 25.2759 -94.2364 -4.91718
106 25.3614 -91.0251 -2.01751
107 28.0183 -94.8231 -7.47579
108 28.6601 -90.8002 -7.64844
109 28.3744 -89.3932 -3.46353
110 31.165 -89.1276 -9.85883
111 30.3778 -85.2646 -8.7168
112 31.1785 -86.2633 -4.43118
113 31.7493 -82.2678 -10.3625
114 31.9455 -80.0533 -6.9353
115 33.558 -82.8404 -2.88623
116 32.4464 -76.2901 -6.19535
117 33.2373 -76.4162 -2.24237
118 35.6034 -80.4888 -0.763101
119 34.4681 -73.0998 -0.856733
120 36.3706 -74.6939 2.31871
121 38.4153 -78.751 0.348467
122 38.2687 -73.093 5.11946
123 40.6129 -76.5613 5.70259
124 41.8638 -78.5048 1.37455
125 43.1642 -75.5035 8.15367
126 46.0491 -77.8269 6.58124
127 45.5326 -78.1817 1.78277
128 49.2543 -77.7292 8.21724
129 51.0982 -79.2066 4.79839
130 49.1099 -77.0852 1.46543
131 54.6641 -79.9431 4.38199
132 54.691 -79.2191 0.4515
133 52.3881 -75.4618 0.0295538
134 58.1079 -79.5658 -1.31415
135 56.915 -76.5943 -4.32024
136 53.7422 -72.9808 -3.07565
137 59.0217 -75.7946 -7.27976
138 56.8752 -72.717 -9.28154
139 56.2177 -70.8398 -5.29158
140 57.2701 -70.5408 -12.3705
141 54.9316 -67.6587 -11.0711
142 56.9278 -67.4649 -7.05766
143 54.2723 -64.6162 -13.1623
144 53.3306 -62.1466 -9.83847
145 56.9043 -63.2702 -7.74452
146 52.3948 -58.5154 -9.74371
147 53.9773 -58.0971 -5.78601
148 58.0279 -60.0374 -5.70304
149 53.7086 -54.8009 -4.06563
150 56.3106 -56.0944 -1.06536
151 60.132 -57.2573 -3.54327
152 56.864 -53.4792 1.60536
153 60.8234 -53.9494 1.93847
154 61.8849 -54.2543 -2.42874
155 62.8878 -51.3396 3.67889
156 66.2692 -52.0512 1.15892
157 65.2849 -52.3427 -3.13895
158 69.2492 -49.8226 2.25097
159 71.379 -50.0418 -1.47001
160 68.0313 -50.2172 -5.08944
161 74.4637 -48.0848 -1.66074
162 74.363 -47.3564 -5.56625
163 69.5425 -47.0247 -6.64725
164 76.5571 -45.4268 -7.90851
165 74.2566 -45.0261 -11.1836
166 69.932 -44.0081 -8.98974
167 74.5114 -43.9581 -14.808
168 70.4295 -42.9507 -15.1933
169 68.31 -41.2078 -11.1149
170 68.7296 -41.8559 -18.2916
171 65.0043 -40.491 -17.0922
172 65.2783 -38.4843 -12.4428
173 62.1492 -39.0665 -18.9959
174 60.2207 -37.3982 -15.7447
175 62.6449 -34.8195 -12.2313
176 56.9636 -35.9074 -16.6355
177 56.3012 -34.0938 -13.25
178 60.2411 -32.0217 -13.4282
179 54.1443 -32.1669 -10.7194
180 56.9013 -30.5585 -8.31117
181 60.3289 -28.2816 -10.8596
182 55.2833 -28.1821 -5.6972
183 58.6677 -25.8154 -5.56434
184 59.0726 -24.9137 -9.80096
185 58.5608 -22.8258 -3.20301
186 60.4926 -20.4195 -5.76621
187 59.7854 -20.8112 -10.7558
188 60.2858 -17.0409 -4.51846
189 60.7935 -15.3591 -8.03229
190 58.1843 -17.3601 -11.1495
191 61.2226 -11.5949 -8.40375
192 59.9669 -11.6718 -12.3649
193 56.7384 -14.574 -12.9369
194 59.9961 -8.13933 -13.7447
195 57.5423 -9.44441 -17.0631
196 54.4508 -12.2333 -15.6309
197 56.3622 -7.48854 -20.1538
198 53.5544 -10.3099 -21.8142
199 50.7872 -12.0553 -18.1619
200 51.9387 -10.4892 -25.2115
201 49.2308 -13.3451 -23.8926
202 47.2705 -12.1552 -19.3173
203 46.6817 -15.0943 -25.9474
204 44.1869 -15.8506 -22.8099
205 43.6536 -12.042 -20.8029
206 41.2777 -18.1075 -23.3644
207 39.8238 -16.9701 -19.7714
208 39.7988 -12.4269 -20.1631
209 36.598 -18.6728 -18.6252
210 34.5845 -15.5001 -16.4682
211 36.0364 -11.2556 -18.6263
212 31.2113 -14.7825 -14.8168
213 31.9491 -10.5977 -14.7206
214 33.4248 -9.03337 -19.3447
215 29.3721 -8.49784 -12.9499
216 29.7051 -5.3258 -15.4227
217 30.5495 -6.64427 -20.1317
218 27.3435 -2.42901 -14.8914
219 26.5627 -1.72272 -18.8892
220 27.4616 -5.15204 -22.2879
221 24.2932 0.875883 -20.1234
222 24.518 -0.3114 -23.9615
223 24.2443 -4.68919 -24.0498
224 22.3847 1.93256 -25.9497
225 22.4434 -1.0584 -28.8684
226 21.9557 -4.76158 -26.8961
227 20.3117 0.00848041 -31.8873
228 19.4143 -4.1697 -32.8369
229 18.9484 -6.67011 -29.3481
230 17.0641 -4.3172 -35.7801
231 16.3363 -8.21066 -35.5197
232 15.129 -8.21862 -30.8094
233 14.5404 -10.6728 -37.891
234 14.1667 -13.5915 -35.001
235 12.6601 -11.334 -30.8638
236 12.7522 -17.0719 -35.5555
237 11.9673 -17.7474 -31.709
238 9.81007 -13.9193 -31.2794
239 10.4684 -20.6561 -29.8163
240 8.34852 -18.8686 -26.7853
241 6.46579 -15.6864 -29.251
242 6.40983 -20.4325 -23.8857
243 3.74239 -17.0873 -22.8658
244 2.67833 -15.2463 -27.3935
245 1.10949 -17.3065 -20.2215
246 -1.54041 -15.0951 -22.5419
247 -1.14572 -15.4235 -27.3972
248 -4.89356 -14.7755 -20.9719
249 -6.34511 -13.6913 -24.4055
250 -4.58984 -16.0966 -28.3129
251 -10.0274 -13.1372 -24.4809
252 -10.5215 -14.006 -28.3304
253 -8.0991 -17.3229 -29.718
254 -14.1581 -13.821 -29.2774
255 -13.8605 -15.9776 -32.834
256 -10.4456 -19.6017 -32.5192
257 -16.7904 -16.9575 -34.9448
258 -15.0536 -20.5513 -36.572
259 -12.8176 -22.36 -33.1819
260 -16.1875 -22.7074 -39.4553
261 -13.6071 -25.8675 -38.7872
262 -12.4458 -27.1266 -33.9614
263 -13.5243 -28.7683 -41.3031
264 -10.4465 -30.4871 -39.2755
265 -12.7004 -30.1146 -35.5974
266 -7.9021 -33.149 -39.8109
267 -8.14547 -33.7528 -35.5475
268 -12.3716 -33.5163 -34.1776
269 -5.85015 -36.3337 -34.0987
270 -8.45393 -36.7665 -31.0533
271 -12.6349 -37.2761 -32.4794
272 -6.53295 -38.7085 -28.5271
273 -10.1841 -39.6663 -26.4398
274 -12.7765 -40.2798 -30.0879
275 -10.5615 -41.7102 -23.3316
276 -14.264 -42.7402 -24.2544
277 -14.2771 -43.5464 -28.5443
278 -15.8429 -44.8681 -21.6583
279 -18.5151 -46.2942 -24.2087
280 -16.373 -46.9426 -28.2774
281 -20.9429 -48.9715 -23.0411
282 -21.5248 -50.6711 -26.9204
283 -18.1168 -50.3664 -30.7442
284 -23.2723 -53.9067 -26.1486
285 -23.1457 -55.4119 -29.9797
286 -18.3375 -54.2578 -31.198
287 -24.5467 -58.5789 -31.4809
288 -21.5585 -58.6162 -34.5761
289 -17.6795 -57.8692 -32.3534
290 -22.3814 -61.4134 -36.8305
291 -18.2785 -62.4633 -37.7139
292 -15.0058 -61.2227 -34.1738
293 -16.6754 -64.9241 -39.9957
294 -12.6145 -64.4131 -38.6941
295 -12.3581 -63.5693 -33.7055
296 -9.57964 -66.0879 -39.9931
297 -6.83234 -65.0861 -37.3326
298 -9.13581 -66.0943 -33.1563
299 -3.15473 -65.7071 -37.6835
300 -2.16527 -65.5065 -33.5116
301 -6.17158 -67.6296 -31.5244
302 0.920652 -66.2428 -31.8099
303 -0.469669 -67.4709 -27.986
304 -3.30293 -69.9744 -30.4243
305 0.840622 -68.8723 -24.8482
306 -2.42916 -70.9077 -23.8582
307 -4.12762 -73.2031 -27.9414
308 -1.98962 -73.1147 -20.7511
309 -4.00074 -76.3347 -22.0389
310 -3.84932 -77.0811 -26.8654
311 -4.48441 -79.6473 -20.3506
312 -4.75026 -81.8328 -23.6806
313 -1.83738 -80.0151 -26.554
314 -4.46656 -85.5089 -22.8241
315 -2.84351 -86.658 -26.4455
316 -0.324006 -83.3083 -27.4564
317 -1.8132 -90.1862 -27.5029
318 -0.179138 -89.0362 -31.4666
319 2.5594 -85.9177 -29.5428
320 1.10781 -91.7526 -33.723
321 4.55939 -89.8389 -35.5322
322 5.30819 -87.617 -31.8087
323 7.40029 -90.4589 -37.9945
324 9.69497 -87.5236 -36.3898
325 9.45618 -87.323 -32.1035
326 13.1642 -86.4964 -37.8288
327 14.4385 -84.21 -34.9598
328 13.5062 -86.5445 -30.8033
329 17.6574 -82.191 -35.2109
330 18.1727 -81.0977 -31.0414
331 17.27 -85.6454 -29.2649
332 20.8667 -79.1841 -29.3421
333 21.0719 -81.7872 -26.1007
334 20.1044 -86.5194 -27.3029
335 23.3894 -81.1976 -23.2372
336 22.8688 -85.0812 -22.2258
337 23.2924 -87.4723 -25.8853
338 25.1135 -86.2215 -19.5002
339 25.2471 -90.0902 -20.6524
340 25.5616 -91.1105 -25.3382
341 27.5839 -91.9118 -18.2687
342 28.288 -94.9031 -20.8108
343 28.8156 -93.0049 -24.6485
344 30.9629 -97.1477 -19.4441
345 33.0337 -98.2806 -23.1744
346 32.7324 -94.5129 -26.19
347 35.7304 -100.856 -23.4387
348 37.3213 -98.985 -27.1544
349 36.2531 -94.7273 -26.8468
350 40.6244 -100.038 -28.6841
351 40.9627 -96.6864 -31.145
352 39.8108 -93.3274 -28.5693
353 43.7051 -95.5043 -33.5847
354 42.2777 -91.5498 -33.6676
355 42.2245 -90.0862 -29.3664
356 43.9306 -89.5784 -36.3752
357 42.9808 -85.966 -34.3935
358 44.5418 -86.6311 -30.2082
359 43.5074 -82.5315 -35.7388
360 43.2299 -80.6277 -31.9526
361 45.9844 -83.1987 -29.6686
362 43.0894 -76.9271 -31.8635
363 44.5545 -75.7906 -28.0825
364 47.4997 -79.7545 -26.9865
365 45.9665 -73.0521 -26.014
366 48.2774 -75.1594 -23.5144
367 51.173 -78.7664 -25.2464
368 49.5636 -72.7813 -21.0377
369 52.6038 -75.2708 -20.4531
370 53.9987 -76.7719 -24.3285
371 55.0238 -73.2946 -18.2804
372 58.6094 -75.2681 -19.366
373 58.3212 -76.1412 -24.1587
374 61.8841 -74.3057 -18.0912
375 63.6945 -74.756 -21.6081
376 61.212 -74.1003 -25.9667
377 67.3018 -73.9865 -21.9239
378 67.5365 -73.8828 -25.8216
379 63.9688 -71.8157 -27.0749
380 70.8581 -73.163 -27.4055
381 69.8695 -71.7001 -31.1582
382 65.3902 -69.5761 -30.6143
383 71.5838 -69.7459 -33.9666
384 68.3743 -67.7921 -35.621
385 66.1238 -66.2467 -31.9961
386 68.7396 -65.6373 -38.7865
387 65.0363 -63.6257 -38.6434
388 65.3949 -62.3035 -34.4392
389 63.261 -61.3797 -41.0054
390 61.3979 -59.1457 -38.0547
391 64.3428 -58.7277 -34.7632
392 59.1605 -56.5453 -39.6175
393 58.3519 -55.0402 -35.6073
394 62.9057 -54.88 -33.3384
395 56.31 -51.9958 -34.9445
396 58.499 -51.1562 -31.7001
397 62.5651 -51.3403 -32.9475
398 57.4217 -47.9166 -30.1928
399 60.876 -46.1945 -28.359
400 64.4023 -47.478 -31.7072
401 61.6384 -43.1056 -26.3642
402 65.5898 -42.7382 -27.6134
403 67.5754 -44.1014 -32.1918
404 67.2165 -39.6763 -26.3499
405 70.3626 -39.3911 -29.1994
406 69.435 -41.0644 -33.7741
407 72.6401 -36.464 -28.9036
408 73.8584 -36.9929 -32.5924
409 70.1408 -37.5224 -35.0602
410 76.0598 -34.1326 -33.1742
411 75.2363 -33.8265 -37.0556
412 70.58 -35.113 -38.4197
413 76.2893 -30.8641 -39.0543
414 73.1358 -31.284 -41.9892
415 68.6711 -32.1904 -40.0169
416 72.863 -29.1562 -45.2323
417 68.8238 -29.8061 -45.4351
418 66.102 -29.3362 -41.2134
419 66.9439 -28.6247 -48.4688
420 63.2894 -28.3213 -46.4206
421 64.0445 -26.3469 -42.2905
422 59.9735 -27.8454 -48.0292
423 57.271 -26.6715 -44.8651
424 60.184 -24.571 -41.6792
425 53.6209 -26.4447 -44.3499
426 53.9044 -24.6641 -40.5544
427 57.389 -22.0081 -41.5291
428 51.1019 -23.036 -38.6539
429 53.7088 -20.1157 -37.2028
430 56.5282 -18.4785 -40.2766
431 52.1401 -17.6703 -34.7806
432 55.6133 -14.8972 -34.5117
433 58.2523 -14.2935 -38.7789
434 55.3744 -11.8749 -32.0185
435 58.567 -9.83768 -33.2901
436 57.803 -10.6588 -38.1278
437 59.9033 -6.45647 -32.3871
438 60.8268 -5.88856 -36.3828
439 57.3283 -6.93048 -38.8096
440 58.0082 -8.74048 -49.49
441 56.6931 -8.57988 -44.7282
442 61.621 -9.5327 -50.3961
443 62.3413 -9.1378 -46.3821
444 59.3258 -11.2267 -43.9667
445 65.9983 -10.0407 -46.1681
446 66.1949 -11.1198 -42.3832
447 62.4327 -13.4138 -42.5407
448 68.6791 -12.3201 -39.8176
449 65.6492 -13.8665 -37.488
450 62.2077 -16.2095 -39.7948
451 66.7622 -15.3488 -34.1848
452 63.1749 -17.567 -33.3139
453 61.6302 -19.4785 -37.6059
454 63.2057 -19.6797 -30.2178
455 60.9019 -22.512 -32.0204
456 62.6563 -22.7023 -36.2032
457 59.3701 -25.4005 -30.2815
458 57.9674 -27.8137 -33.7046
459 61.7277 -27.08 -36.754
460 56.0377 -30.9675 -34.1122
461 57.6314 -31.6615 -37.8564
462 61.8213 -30.4636 -37.3365
463 56.7585 -34.8559 -39.5105
464 59.8967 -35.2141 -42.2433
465 63.312 -34.0186 -39.4945
466 60.4069 -37.9972 -44.8194
467 64.3938 -37.7291 -45.33
468 66.0274 -36.9546 -41.4049
469 65.9101 -40.6668 -47.0931
470 69.4486 -41.0823 -45.2685
471 68.9573 -39.8673 -40.6485
472 72.1293 -43.6037 -46.0749
473 73.3582 -43.5357 -42.1712
474 70.2109 -42.7568 -39.1904
475 75.8792 -46.0707 -41.1564
476 75.2475 -46.0423 -36.9848
477 71.0145 -45.4629 -36.3277
478 77.0584 -48.3561 -34.5659
479 73.9359 -48.2341 -31.7483
480 70.1093 -48.8173 -33.8707
481 75.2171 -50.6266 -29.0698
482 71.6222 -51.7833 -27.5369
483 68.0778 -51.7598 -30.9859
484 71.0722 -53.6684 -24.4043
485 67.0478 -53.6872 -24.9739
486 66.8112 -54.876 -29.1694
487 64.6159 -55.0181 -22.3243
488 61.5235 -56.0797 -24.9467
489 63.8525 -57.9274 -28.8445
490 58.1074 -57.6502 -24.405
491 57.596 -58.9454 -28.4741
492 61.7219 -60.9836 -30.3012
493 54.2949 -60.2683 -29.6293
494 56.2477 -62.3008 -32.5374
495 60.442 -64.3578 -30.8227
496 54.1498 -64.6273 -34.6107
497 57.6233 -66.9427 -35.8279
498 59.8402 -67.889 -32.0204
499 56.9615 -69.5645 -38.4796
500 59.9673 -72.5481 -37.1887
501 60.9316 -71.9393 -32.2813
502 60.1098 -76.1342 -38.1946
503 61.9902 -77.4258 -34.9513
504 60.3287 -75.3844 -31.4342
505 62.5198 -81.2365 -34.8624
506 62.6548 -81.3858 -30.6406
507 59.5355 -78.5647 -29.3908
508 62.4975 -85.0861 -30.1735
509 60.1779 -85.2009 -26.5897
510 57.1313 -81.2508 -26.6419
511 59.1413 -88.0432 -24.468
512 56.5142 -85.5692 -22.2551
513 54.1496 -83.3842 -25.2209
514 54.6481 -86.7108 -19.2274
515 51.2097 -84.3351 -19.5986
516 50.4148 -83.655 -23.6748
517 48.5513 -85.006 -16.942
518 45.6216 -82.7529 -18.8918
519 46.3951 -84.0705 -23.5133
520 42.1324 -81.4488 -17.9926
521 41.5698 -80.8509 -21.9055
522 43.0313 -84.507 -24.9044
523 38.1622 -79.5284 -22.574
524 38.0056 -80.8124 -26.4612
525 39.6083 -85.4708 -26.6079
526 35.5381 -80.179 -29.1089
527 37.2137 -83.4159 -31.5091
528 37.9574 -87.5228 -29.1567
529 35.3123 -83.7982 -34.6453
530 35.6178 -87.8587 -34.6113
531 35.5241 -90.2245 -30.2852
532 33.8558 -89.4969 -37.3493
533 33.9892 -93.0866 -35.6389
534 32.5834 -91.9066 -31.4768
535 31.8963 -95.636 -37.4081
536 29.628 -97.249 -34.3729
537 28.9817 -94.7193 -30.199
538 26.9082 -99.6889 -34.8402
539 24.7775 -99.151 -30.7964
540 25.3327 -94.9621 -30.1328
541 21.8513 -100.807 -29.2725
542 21.3147 -97.933 -26.1275
543 21.9366 -93.1592 -27.4586
544 18.4302 -98.9215 -24.0228
545 17.9345 -94.8649 -22.9897
546 18.3337 -92.3428 -26.4949
547 15.6665 -93.9925 -20.2421
548 15.9269 -89.9602 -20.8009
549 15.6891 -89.8869 -25.2086
550 14.0515 -87.275 -18.6136
551 14.6971 -84.2635 -21.3041
552 13.1196 -86.6166 -24.6991
553 13.8352 -80.5705 -21.3007
554 13.8564 -80.5998 -25.3493
555 11.3911 -83.9647 -27.9369
556 12.7761 -77.4903 -26.9947
557 11.1784 -79.0716 -30.6301
558 8.16915 -82.9759 -30.0002
559 10.1273 -77.0213 -33.3432
560 7.34319 -79.0425 -35.5228
561 5.69631 -81.2863 -31.7014
562 5.22167 -77.9216 -38.3609
563 2.69493 -81.0054 -37.2827
564 1.81411 -80.8202 -32.4546
565 0.221014 -80.9064 -39.9103
566 -2.91963 -81.1938 -37.4262
567 -1.75281 -79.675 -32.8707
568 -6.43832 -81.4048 -38.3304
569 -8.23404 -81.0746 -34.5108
570 -5.30248 -78.4889 -32.3391
571 -11.9122 -80.4861 -34.1102
572 -11.681 -78.844 -30.2946
573 -8.40657 -76.1184 -31.1801
574 -14.4261 -77.8237 -27.7973
575 -12.077 -74.6904 -26.0962
576 -8.28249 -72.425 -28.7503
577 -13.492 -72.5198 -23.3575
578 -10.6177 -69.6279 -23.7952
579 -10.4485 -69.193 -28.1304
580 -10.7052 -66.5318 -21.5688
581 -7.67204 -64.3069 -23.7647
582 -10.1262 -65.7248 -27.1226
583 -6.04813 -61.0491 -23.2456
584 -5.93864 -60.6047 -27.2732
585 -9.74681 -62.0485 -28.949
586 -4.29505 -57.7135 -29.0098
587 -6.08567 -58.1872 -32.848
588 -10.2642 -59.0269 -31.8999
589 -4.97305 -55.3943 -35.1133
590 -8.6769 -55.9254 -37.0543
591 -12.3126 -56.2397 -33.949
592 -8.91027 -53.6018 -39.9546
593 -13.2451 -53.7598 -39.6604
594 -14.0096 -53.1332 -35.2621
595 -14.8777 -51.7723 -42.4349
596 -18.1643 -50.7764 -40.1437
597 -16.5308 -50.3386 -36.2466
598 -20.2204 -48.039 -41.5951
599 -21.345 -47.0515 -37.6422
600 -18.3387 -47.2502 -33.864
601 -23.6364 -44.2308 -37.6681
602 -23.5744 -43.349 -33.8163
603 -18.995 -43.5873 -32.2797
604 -25.5115 -40.4647 -32.6313
605 -23.4828 -39.5183 -29.5437
606 -18.7171 -39.7428 -31.1896
607 -24.0975 -37.0605 -26.6793
608 -20.4535 -36.5748 -25.3165
609 -17.8172 -36.5899 -29.4658
610 -18.9586 -34.4814 -22.4532
611 -14.9819 -34.2338 -24.0003
612 -14.5678 -33.5063 -28.8803
613 -12.211 -32.2068 -22.5153
614 -9.66061 -32.2404 -25.9167
615 -11.8513 -30.5545 -30.0382
616 -6.08133 -31.2113 -25.674
617 -5.53516 -31.4624 -29.5492
618 -8.78793 -28.4951 -29.8768
619 -2.61573 -31.169 -31.8289
620 -4.65111 -28.9861 -34.8782
621 -7.9824 -25.8438 -33.0222
622 -2.81375 -28.0122 -37.9221
623 -5.53757 -25.1053 -38.5499
624 -6.24741 -23.205 -34.6782
625 -4.12605 -23.1242 -41.4196
626 -5.48824 -19.5931 -39.8045
627 -5.90106 -19.1349 -34.6639
628 -4.80198 -16.1908 -41.1146
629 -5.2839 -14.047 -37.8151
630 -3.44778 -16.3207 -34.1259
631 -4.31713 -10.3947 -38.4546
632 -3.74364 -9.66288 -34.4558
633 -1.50133 -13.3657 -33.0668
634 -2.82697 -6.16816 -33.7044
635 -1.32082 -6.96267 -29.9303
636 0.935622 -10.6688 -30.7454
637 -0.0947558 -4.35345 -27.6288
638 1.84378 -6.81512 -25.2632
639 4.05637 -10.1525 -28.1043
640 3.89922 -5.87004 -22.3337
641 6.96072 -8.52349 -22.6415
642 8.19352 -10.423 -27.1194
643 9.36044 -8.72881 -19.8897
644 10.8865 -12.0999 -21.6357
645 11.4423 -9.94824 -25.3781
646 13.5524 -14.4504 -20.4317
647 14.8649 -15.5355 -24.1603
648 15.268 -11.2542 -25.6247
649 17.5342 -18.1985 -24.7264
650 18.6607 -16.9505 -28.533
651 18.8281 -12.0502 -27.8864
652 21.7532 -18.0741 -30.345
653 22.4034 -14.0387 -31.8222
654 22.0728 -10.3403 -28.4461
655 25.4027 -13.8814 -33.9911
656 26.3274 -9.76794 -33.027
657 25.6753 -8.75388 -28.3124
658 29.6736 -8.56114 -34.3307
659 30.01 -5.60502 -31.7608
660 29.0767 -7.40937 -27.8051
661 33.2589 -3.86707 -32.186
662 33.3043 -2.14322 -28.4324
663 32.5165 -5.69174 -25.9682
664 36.0168 0.041764 -27.4512
665 35.5361 -0.631787 -23.1082
666 35.1793 -4.96021 -22.9689
667 37.5307 1.04044 -20.3587
668 37.0008 -1.92204 -17.5346
669 37.153 -5.79161 -19.4981
670 38.6484 -1.34784 -14.1533
671 38.8715 -5.13287 -12.4657
672 40.0348 -7.56419 -16.4825
673 39.6118 -7.00022 -9.31743
674 39.9386 -10.9412 -11.0501
675 42.3066 -10.8673 -15.4928
676 40.6701 -14.4694 -9.74161
677 41.7269 -16.3294 -13.0544
678 44.7633 -13.2924 -14.3121
679 42.2913 -20.0994 -13.3765
680 44.5605 -19.5533 -16.7295
681 47.0815 -16.1636 -15.5261
682 45.8428 -22.2047 -19.0655
683 48.5835 -19.6493 -20.7174
684 51.1847 -16.6368 -17.5626
685 50.7701 -20.9287 -23.378
686 54.0962 -18.5803 -22.5309
687 54.8472 -17.55 -17.7924
688 57.2382 -19.6881 -24.3085
689 59.7141 -17.8136 -21.4939
690 58.4086 -18.5746 -16.9107
691 63.4435 -18.1364 -22.1161
692 64.6479 -17.8242 -18.2333
693 61.6405 -20.2604 -16.1211
694 68.193 -18.3162 -17.192
695 67.5324 -20.0907 -13.5471
696 63.545 -23.0399 -13.3043
697 70.2702 -21.1103 -11.421
698 68.3427 -23.4532 -8.76864
699 65.6992 -25.6813 -11.7641
700 69.5762 -25.0662 -5.57735
701 66.1774 -27.6004 -5.79192
702 64.1222 -29.6553 -9.80121
703 65.9581 -29.0641 -2.53562
704 62.5713 -31.0058 -3.55979
705 64.24 -32.3241 -7.31689
706 60.2709 -33.4854 -1.91926
707 59.3205 -35.7541 -5.32387
708 63.0597 -36.5061 -7.54849
709 56.815 -38.5476 -5.65696
710 58.672 -40.2422 -8.77852
711 63.0392 -40.2641 -7.96691
712 56.855 -42.9729 -10.4032
713 60.5054 -43.8978 -12.239
714 63.6405 -44.1037 -9.00131
715 60.4079 -46.6187 -14.6995
716 64.3067 -47.2628 -14.778
717 64.9458 -47.4986 -10.5124
718 64.7561 -50.1741 -16.9591
719 67.6997 -51.6345 -14.6853
720 65.9544 -50.9121 -10.7337
721 69.479 -54.9411 -15.3937
722 70.8702 -55.8601 -11.5388
723 67.443 -54.265 -8.16893
724 72.68 -58.8618 -10.1608
725 70.8489 -58.3831 -6.48294
726 66.278 -56.8642 -5.58346
727 72.0038 -61.1967 -4.47251
728 69.1372 -60.6793 -1.49038
729 65.6307 -59.7471 -4.20748
730 68.5892 -63.2171 1.34878
731 64.6258 -62.3396 2.04371
732 62.0448 -61.8742 -2.34339
733 62.2904 -63.5117 4.73123
734 58.8814 -62.2177 2.52358
735 58.4603 -63.5726 -2.28405
736 55.4752 -62.3168 4.01281
737 52.9692 -61.6658 0.983216
738 55.2275 -65.0279 -1.51548
739 49.2262 -61.2329 0.309328
740 49.1357 -63.4897 -3.1074
741 52.2712 -67.4152 -3.14262
742 46.0618 -63.685 -5.14451
743 47.3916 -67.0669 -6.78825
744 49.3432 -69.2246 -3.64682
745 45.7865 -69.1934 -9.50511
746 48.0286 -72.558 -9.47737
747 49.1474 -73.4281 -4.62164
748 47.1313 -75.5393 -11.6081
749 48.7321 -78.1751 -9.05218
750 47.909 -77.288 -4.18361
751 48.5179 -81.7498 -10.014
752 48.6738 -83.0269 -6.07819
753 46.1098 -80.1424 -3.92794
754 48.5498 -86.77 -5.73569
755 46.7202 -86.3655 -1.80405
756 43.8507 -83.0093 -2.44494
757 45.4953 -89.1406 0.169518
758 43.1586 -87.128 3.03274
759 41.0268 -84.1458 0.364373
760 41.2617 -88.9887 5.88659
761 38.9485 -85.6402 6.5547
762 37.8212 -84.6862 2.58347
763 36.2152 -85.0937 9.25094
764 33.6534 -83.1914 6.49222
765 33.8559 -84.7975 2.4434
766 30.3528 -81.8251 7.65978
767 29.356 -80.0553 4.12664
768 29.9636 -83.9189 1.1391
769 26.7687 -77.844 2.55501
770 27.3679 -79.2754 -1.05652
771 27.0577 -84.1121 -0.969821
772 25.4635 -77.8937 -3.81501
773 25.7176 -81.2598 -6.09958
774 24.8373 -85.0295 -3.26156
775 23.6012 -80.6938 -9.17974
776 22.5111 -84.7962 -9.06341
777 21.655 -85.6052 -4.79713
778 20.4999 -85.5287 -12.1725
779 19.0332 -89.1098 -10.8795
780 18.5068 -88.6065 -6.02781
781 16.1881 -91.0849 -12.3084
782 14.7274 -91.7722 -8.76067
783 14.6291 -88.45 -5.8975
784 11.3923 -93.6515 -9.27692
785 9.72099 -93.1382 -5.3372
786 10.9989 -88.6357 -3.57105
787 6.48194 -94.6172 -4.31684
788 5.92207 -92.1188 -1.41517
789 7.27795 -88.364 -2.90497
790 2.69725 -92.3645 0.473948
791 2.73462 -88.2683 1.57236
792 3.96719 -86.0065 -2.25461
793 -0.106655 -86.9738 3.62098
794 0.669482 -82.8463 2.95562
795 1.53143 -82.7317 -1.44262
796 -1.19474 -79.9668 4.51377
797 0.571387 -77.0276 2.2899
798 -0.238005 -78.9543 -1.78584
799 0.469692 -73.2457 2.71549
800 0.779586 -72.4374 -1.1237
801 -1.89537 -75.5701 -3.23965
802 1.45143 -69.0008 -2.33307
803 0.24074 -69.8902 -6.2295
804 -3.43939 -73.1675 -6.52062
805 -0.0757184 -67.7342 -9.3979
806 -2.0184 -70.3545 -11.6218
807 -5.96211 -72.4879 -9.32719
808 -3.03356 -68.2632 -14.3058
809 -6.94598 -70.0359 -14.4163
810 -8.07217 -69.8401 -10.1946
811 -9.35168 -68.7894 -17.1199
812 -12.7944 -69.4566 -15.0168
813 -12.3858 -69.3996 -10.124
814 -15.8954 -68.4605 -16.7167
815 -18.1708 -68.6374 -13.4723
816 -15.6518 -67.128 -9.48428
817 -21.833 -67.6994 -12.96
818 -21.849 -65.8868 -9.28685
819 -17.834 -64.1121 -8.86591
820 -24.9549 -64.4965 -7.55977
821 -22.9824 -62.0129 -4.74002
822 -18.2591 -60.4876 -6.15446
823 -24.2032 -59.774 -1.92869
824 -20.6548 -57.9981 -0.930673
825 -18.8171 -57.162 -4.94078
826 -20.3555 -55.5902 1.92927
827 -17.1091 -53.5336 0.568546
828 -17.6098 -53.1886 -3.74445
829 -14.9449 -51.0772 2.33632
830 -12.6467 -50.0967 -1.34989
831 -16.0454 -49.5394 -4.27797
832 -9.525 -47.8869 -1.42615
833 -9.86407 -47.5277 -5.65848
834 -14.5021 -46.7604 -7.1366
835 -7.36169 -45.3537 -7.27784
836 -10.3583 -44.8379 -10.2673
837 -13.8606 -43.5014 -8.11107
838 -9.14056 -42.7342 -13.1066
839 -12.4968 -40.8564 -14.5407
840 -15.1395 -40.1419 -10.4193
841 -12.7594 -38.185 -17.2867
842 -15.9073 -36.096 -16.2552
843 -16.2775 -36.0826 -11.2613
844 -17.7312 -33.1507 -17.7474
845 -19.3504 -32.5772 -13.9664
846 -16.7882 -32.5517 -9.60748
847 -20.9398 -29.1128 -14.3857
848 -20.9763 -28.2026 -10.3027
849 -16.8709 -28.9407 -8.82086
850 -22.5853 -24.8473 -9.73723
851 -20.8657 -24.2642 -6.17465
852 -16.0921 -25.6105 -5.74731
853 -21.4985 -21.6127 -3.56618
854 -17.5846 -22.3949 -1.69308
855 -13.6474 -23.346 -4.60475
856 -16.6662 -19.9073 1.03529
857 -12.6138 -20.6623 0.745441
858 -10.9861 -20.8132 -3.84889
859 -10.1741 -18.9729 3.12452
860 -7.20715 -19.0488 0.352194
861 -8.98966 -17.7897 -3.46045
862 -4.04137 -17.3564 1.36308
863 -2.60979 -17.2699 -2.44064
864 -6.19114 -15.1939 -5.22261
865 1.01436 -16.4656 -3.71702
866 0.146153 -15.5333 -7.47947
867 -3.49995 -13.0042 -6.66442
868 2.8691 -14.2734 -9.76154
869 0.283293 -12.3415 -12.5341
870 -1.94388 -10.1092 -9.45874
871 1.60077 -10.5793 -15.6485
872 -1.4435 -8.08663 -15.3289
873 -3.14682 -6.2165 -10.9454
874 -1.4667 -5.23124 -17.6863
875 -3.43186 -2.52229 -15.0467
876 -2.62464 -2.45951 -10.1561
877 -3.4687 0.955705 -16.4447
878 -5.02272 2.57187 -13.0151
879 -1.69835 1.17341 -10.3335
